(5)(10)(0 1 2 3 4 6 7 8 9 11 12 13 14 )
(0)(5)(10)(1 2 3 4 6 7 8 9 11 12 13 14 )
(1)(5)(10)(0 2 3 4 6 7 8 9 11 12 13 14 )
(2)(5)(10)(0 1 3 4 6 7 8 9 11 12 13 14 )
(3)(5)(10)(0 1 2 4 6 7 8 9 11 12 13 14 )
(4)(5)(10)(0 1 2 3 6 7 8 9 11 12 13 14 )
(5)(6)(10)(0 1 2 3 4 7 8 9 11 12 13 14 )
(5)(7)(10)(0 1 2 3 4 6 8 9 11 12 13 14 )
(5)(8)(10)(0 1 2 3 4 6 7 9 11 12 13 14 )
(5)(9)(10)(0 1 2 3 4 6 7 8 11 12 13 14 )
(5)(12)(10)(0 1 2 3 4 6 7 8 9 11 13 14 )
(5)(13)(10)(0 1 2 3 4 6 7 8 9 11 12 14 )
(5)(14)(10)(0 1 2 3 4 6 7 8 9 11 12 13 )
(0)(1)(5)(10)(2 3 4 6 7 8 9 11 12 13 14 )
(0)(2)(5)(10)(1 3 4 6 7 8 9 11 12 13 14 )
(0)(3)(5)(10)(1 2 4 6 7 8 9 11 12 13 14 )
(0)(4)(5)(10)(1 2 3 6 7 8 9 11 12 13 14 )
(0)(5)(6)(10)(1 2 3 4 7 8 9 11 12 13 14 )
(0)(5)(7)(10)(1 2 3 4 6 8 9 11 12 13 14 )
(0)(5)(8)(10)(1 2 3 4 6 7 9 11 12 13 14 )
(0)(5)(9)(10)(1 2 3 4 6 7 8 11 12 13 14 )
(0)(5)(12)(10)(1 2 3 4 6 7 8 9 11 13 14 )
(0)(5)(13)(10)(1 2 3 4 6 7 8 9 11 12 14 )
(0)(5)(14)(10)(1 2 3 4 6 7 8 9 11 12 13 )
(1)(2)(5)(10)(0 3 4 6 7 8 9 11 12 13 14 )
(1)(3)(5)(10)(0 2 4 6 7 8 9 11 12 13 14 )
(1)(4)(5)(10)(0 2 3 6 7 8 9 11 12 13 14 )
(1)(5)(6)(10)(0 2 3 4 7 8 9 11 12 13 14 )
(1)(5)(7)(10)(0 2 3 4 6 8 9 11 12 13 14 )
(1)(5)(8)(10)(0 2 3 4 6 7 9 11 12 13 14 )
(1)(5)(9)(10)(0 2 3 4 6 7 8 11 12 13 14 )
(1)(5)(12)(10)(0 2 3 4 6 7 8 9 11 13 14 )
(1)(5)(13)(10)(0 2 3 4 6 7 8 9 11 12 14 )
(1)(5)(14)(10)(0 2 3 4 6 7 8 9 11 12 13 )
(2)(3)(5)(10)(0 1 4 6 7 8 9 11 12 13 14 )
(2)(4)(5)(10)(0 1 3 6 7 8 9 11 12 13 14 )
(2)(5)(6)(10)(0 1 3 4 7 8 9 11 12 13 14 )
(2)(5)(7)(10)(0 1 3 4 6 8 9 11 12 13 14 )
(2)(5)(8)(10)(0 1 3 4 6 7 9 11 12 13 14 )
(2)(5)(9)(10)(0 1 3 4 6 7 8 11 12 13 14 )
(2)(5)(12)(10)(0 1 3 4 6 7 8 9 11 13 14 )
(2)(5)(13)(10)(0 1 3 4 6 7 8 9 11 12 14 )
(2)(5)(14)(10)(0 1 3 4 6 7 8 9 11 12 13 )
(3)(4)(5)(10)(0 1 2 6 7 8 9 11 12 13 14 )
(3)(5)(6)(10)(0 1 2 4 7 8 9 11 12 13 14 )
(3)(5)(7)(10)(0 1 2 4 6 8 9 11 12 13 14 )
(3)(5)(8)(10)(0 1 2 4 6 7 9 11 12 13 14 )
(3)(5)(9)(10)(0 1 2 4 6 7 8 11 12 13 14 )
(3)(5)(12)(10)(0 1 2 4 6 7 8 9 11 13 14 )
(3)(5)(13)(10)(0 1 2 4 6 7 8 9 11 12 14 )
(3)(5)(14)(10)(0 1 2 4 6 7 8 9 11 12 13 )
(4)(5)(6)(10)(0 1 2 3 7 8 9 11 12 13 14 )
(4)(5)(7)(10)(0 1 2 3 6 8 9 11 12 13 14 )
(4)(5)(8)(10)(0 1 2 3 6 7 9 11 12 13 14 )
(4)(5)(9)(10)(0 1 2 3 6 7 8 11 12 13 14 )
(4)(5)(12)(10)(0 1 2 3 6 7 8 9 11 13 14 )
(4)(5)(13)(10)(0 1 2 3 6 7 8 9 11 12 14 )
(4)(5)(14)(10)(0 1 2 3 6 7 8 9 11 12 13 )
(5)(6)(7)(10)(0 1 2 3 4 8 9 11 12 13 14 )
(5)(6)(8)(10)(0 1 2 3 4 7 9 11 12 13 14 )
(5)(6)(9)(10)(0 1 2 3 4 7 8 11 12 13 14 )
(5)(6)(12)(10)(0 1 2 3 4 7 8 9 11 13 14 )
(5)(6)(13)(10)(0 1 2 3 4 7 8 9 11 12 14 )
(5)(6)(14)(10)(0 1 2 3 4 7 8 9 11 12 13 )
(5)(7)(8)(10)(0 1 2 3 4 6 9 11 12 13 14 )
(5)(7)(9)(10)(0 1 2 3 4 6 8 11 12 13 14 )
(5)(7)(12)(10)(0 1 2 3 4 6 8 9 11 13 14 )
(5)(7)(13)(10)(0 1 2 3 4 6 8 9 11 12 14 )
(5)(7)(14)(10)(0 1 2 3 4 6 8 9 11 12 13 )
(5)(8)(9)(10)(0 1 2 3 4 6 7 11 12 13 14 )
(5)(8)(12)(10)(0 1 2 3 4 6 7 9 11 13 14 )
(5)(8)(13)(10)(0 1 2 3 4 6 7 9 11 12 14 )
(5)(8)(14)(10)(0 1 2 3 4 6 7 9 11 12 13 )
(5)(9)(12)(10)(0 1 2 3 4 6 7 8 11 13 14 )
(5)(9)(13)(10)(0 1 2 3 4 6 7 8 11 12 14 )
(5)(9)(14)(10)(0 1 2 3 4 6 7 8 11 12 13 )
(5)(12)(13)(10)(0 1 2 3 4 6 7 8 9 11 14 )
(5)(12)(14)(10)(0 1 2 3 4 6 7 8 9 11 13 )
(5)(13)(14)(10)(0 1 2 3 4 6 7 8 9 11 12 )
(0)(1)(2)(5)(10)(3 4 6 7 8 9 11 12 13 14 )
(0)(1)(3)(5)(10)(2 4 6 7 8 9 11 12 13 14 )
(0)(1)(4)(5)(10)(2 3 6 7 8 9 11 12 13 14 )
(0)(1)(5)(6)(10)(2 3 4 7 8 9 11 12 13 14 )
(0)(1)(5)(7)(10)(2 3 4 6 8 9 11 12 13 14 )
(0)(1)(5)(8)(10)(2 3 4 6 7 9 11 12 13 14 )
(0)(1)(5)(9)(10)(2 3 4 6 7 8 11 12 13 14 )
(0)(1)(5)(12)(10)(2 3 4 6 7 8 9 11 13 14 )
(0)(1)(5)(13)(10)(2 3 4 6 7 8 9 11 12 14 )
(0)(1)(5)(14)(10)(2 3 4 6 7 8 9 11 12 13 )
(0)(2)(3)(5)(10)(1 4 6 7 8 9 11 12 13 14 )
(0)(2)(4)(5)(10)(1 3 6 7 8 9 11 12 13 14 )
(0)(2)(5)(6)(10)(1 3 4 7 8 9 11 12 13 14 )
(0)(2)(5)(7)(10)(1 3 4 6 8 9 11 12 13 14 )
(0)(2)(5)(8)(10)(1 3 4 6 7 9 11 12 13 14 )
(0)(2)(5)(9)(10)(1 3 4 6 7 8 11 12 13 14 )
(0)(2)(5)(12)(10)(1 3 4 6 7 8 9 11 13 14 )
(0)(2)(5)(13)(10)(1 3 4 6 7 8 9 11 12 14 )
(0)(2)(5)(14)(10)(1 3 4 6 7 8 9 11 12 13 )
(0)(3)(4)(5)(10)(1 2 6 7 8 9 11 12 13 14 )
(0)(3)(5)(6)(10)(1 2 4 7 8 9 11 12 13 14 )
(0)(3)(5)(7)(10)(1 2 4 6 8 9 11 12 13 14 )
(0)(3)(5)(8)(10)(1 2 4 6 7 9 11 12 13 14 )
(0)(3)(5)(9)(10)(1 2 4 6 7 8 11 12 13 14 )
(0)(3)(5)(12)(10)(1 2 4 6 7 8 9 11 13 14 )
(0)(3)(5)(13)(10)(1 2 4 6 7 8 9 11 12 14 )
(0)(3)(5)(14)(10)(1 2 4 6 7 8 9 11 12 13 )
(0)(4)(5)(6)(10)(1 2 3 7 8 9 11 12 13 14 )
(0)(4)(5)(7)(10)(1 2 3 6 8 9 11 12 13 14 )
(0)(4)(5)(8)(10)(1 2 3 6 7 9 11 12 13 14 )
(0)(4)(5)(9)(10)(1 2 3 6 7 8 11 12 13 14 )
(0)(4)(5)(12)(10)(1 2 3 6 7 8 9 11 13 14 )
(0)(4)(5)(13)(10)(1 2 3 6 7 8 9 11 12 14 )
(0)(4)(5)(14)(10)(1 2 3 6 7 8 9 11 12 13 )
(0)(5)(6)(7)(10)(1 2 3 4 8 9 11 12 13 14 )
(0)(5)(6)(8)(10)(1 2 3 4 7 9 11 12 13 14 )
(0)(5)(6)(9)(10)(1 2 3 4 7 8 11 12 13 14 )
(0)(5)(6)(12)(10)(1 2 3 4 7 8 9 11 13 14 )
(0)(5)(6)(13)(10)(1 2 3 4 7 8 9 11 12 14 )
(0)(5)(6)(14)(10)(1 2 3 4 7 8 9 11 12 13 )
(0)(5)(7)(8)(10)(1 2 3 4 6 9 11 12 13 14 )
(0)(5)(7)(9)(10)(1 2 3 4 6 8 11 12 13 14 )
(0)(5)(7)(12)(10)(1 2 3 4 6 8 9 11 13 14 )
(0)(5)(7)(13)(10)(1 2 3 4 6 8 9 11 12 14 )
(0)(5)(7)(14)(10)(1 2 3 4 6 8 9 11 12 13 )
(0)(5)(8)(9)(10)(1 2 3 4 6 7 11 12 13 14 )
(0)(5)(8)(12)(10)(1 2 3 4 6 7 9 11 13 14 )
(0)(5)(8)(13)(10)(1 2 3 4 6 7 9 11 12 14 )
(0)(5)(8)(14)(10)(1 2 3 4 6 7 9 11 12 13 )
(0)(5)(9)(12)(10)(1 2 3 4 6 7 8 11 13 14 )
(0)(5)(9)(13)(10)(1 2 3 4 6 7 8 11 12 14 )
(0)(5)(9)(14)(10)(1 2 3 4 6 7 8 11 12 13 )
(0)(5)(12)(13)(10)(1 2 3 4 6 7 8 9 11 14 )
(0)(5)(12)(14)(10)(1 2 3 4 6 7 8 9 11 13 )
(0)(5)(13)(14)(10)(1 2 3 4 6 7 8 9 11 12 )
(1)(2)(3)(5)(10)(0 4 6 7 8 9 11 12 13 14 )
(1)(2)(4)(5)(10)(0 3 6 7 8 9 11 12 13 14 )
(1)(2)(5)(6)(10)(0 3 4 7 8 9 11 12 13 14 )
(1)(2)(5)(7)(10)(0 3 4 6 8 9 11 12 13 14 )
(1)(2)(5)(8)(10)(0 3 4 6 7 9 11 12 13 14 )
(1)(2)(5)(9)(10)(0 3 4 6 7 8 11 12 13 14 )
(1)(2)(5)(12)(10)(0 3 4 6 7 8 9 11 13 14 )
(1)(2)(5)(13)(10)(0 3 4 6 7 8 9 11 12 14 )
(1)(2)(5)(14)(10)(0 3 4 6 7 8 9 11 12 13 )
(1)(3)(4)(5)(10)(0 2 6 7 8 9 11 12 13 14 )
(1)(3)(5)(6)(10)(0 2 4 7 8 9 11 12 13 14 )
(1)(3)(5)(7)(10)(0 2 4 6 8 9 11 12 13 14 )
(1)(3)(5)(8)(10)(0 2 4 6 7 9 11 12 13 14 )
(1)(3)(5)(9)(10)(0 2 4 6 7 8 11 12 13 14 )
(1)(3)(5)(12)(10)(0 2 4 6 7 8 9 11 13 14 )
(1)(3)(5)(13)(10)(0 2 4 6 7 8 9 11 12 14 )
(1)(3)(5)(14)(10)(0 2 4 6 7 8 9 11 12 13 )
(1)(4)(5)(6)(10)(0 2 3 7 8 9 11 12 13 14 )
(1)(4)(5)(7)(10)(0 2 3 6 8 9 11 12 13 14 )
(1)(4)(5)(8)(10)(0 2 3 6 7 9 11 12 13 14 )
(1)(4)(5)(9)(10)(0 2 3 6 7 8 11 12 13 14 )
(1)(4)(5)(12)(10)(0 2 3 6 7 8 9 11 13 14 )
(1)(4)(5)(13)(10)(0 2 3 6 7 8 9 11 12 14 )
(1)(4)(5)(14)(10)(0 2 3 6 7 8 9 11 12 13 )
(1)(5)(6)(7)(10)(0 2 3 4 8 9 11 12 13 14 )
(1)(5)(6)(8)(10)(0 2 3 4 7 9 11 12 13 14 )
(1)(5)(6)(9)(10)(0 2 3 4 7 8 11 12 13 14 )
(1)(5)(6)(12)(10)(0 2 3 4 7 8 9 11 13 14 )
(1)(5)(6)(13)(10)(0 2 3 4 7 8 9 11 12 14 )
(1)(5)(6)(14)(10)(0 2 3 4 7 8 9 11 12 13 )
(1)(5)(7)(8)(10)(0 2 3 4 6 9 11 12 13 14 )
(1)(5)(7)(9)(10)(0 2 3 4 6 8 11 12 13 14 )
(1)(5)(7)(12)(10)(0 2 3 4 6 8 9 11 13 14 )
(1)(5)(7)(13)(10)(0 2 3 4 6 8 9 11 12 14 )
(1)(5)(7)(14)(10)(0 2 3 4 6 8 9 11 12 13 )
(1)(5)(8)(9)(10)(0 2 3 4 6 7 11 12 13 14 )
(1)(5)(8)(12)(10)(0 2 3 4 6 7 9 11 13 14 )
(1)(5)(8)(13)(10)(0 2 3 4 6 7 9 11 12 14 )
(1)(5)(8)(14)(10)(0 2 3 4 6 7 9 11 12 13 )
(1)(5)(9)(12)(10)(0 2 3 4 6 7 8 11 13 14 )
(1)(5)(9)(13)(10)(0 2 3 4 6 7 8 11 12 14 )
(1)(5)(9)(14)(10)(0 2 3 4 6 7 8 11 12 13 )
(1)(5)(12)(13)(10)(0 2 3 4 6 7 8 9 11 14 )
(1)(5)(12)(14)(10)(0 2 3 4 6 7 8 9 11 13 )
(1)(5)(13)(14)(10)(0 2 3 4 6 7 8 9 11 12 )
(2)(3)(4)(5)(10)(0 1 6 7 8 9 11 12 13 14 )
(2)(3)(5)(6)(10)(0 1 4 7 8 9 11 12 13 14 )
(2)(3)(5)(7)(10)(0 1 4 6 8 9 11 12 13 14 )
(2)(3)(5)(8)(10)(0 1 4 6 7 9 11 12 13 14 )
(2)(3)(5)(9)(10)(0 1 4 6 7 8 11 12 13 14 )
(2)(3)(5)(12)(10)(0 1 4 6 7 8 9 11 13 14 )
(2)(3)(5)(13)(10)(0 1 4 6 7 8 9 11 12 14 )
(2)(3)(5)(14)(10)(0 1 4 6 7 8 9 11 12 13 )
(2)(4)(5)(6)(10)(0 1 3 7 8 9 11 12 13 14 )
(2)(4)(5)(7)(10)(0 1 3 6 8 9 11 12 13 14 )
(2)(4)(5)(8)(10)(0 1 3 6 7 9 11 12 13 14 )
(2)(4)(5)(9)(10)(0 1 3 6 7 8 11 12 13 14 )
(2)(4)(5)(12)(10)(0 1 3 6 7 8 9 11 13 14 )
(2)(4)(5)(13)(10)(0 1 3 6 7 8 9 11 12 14 )
(2)(4)(5)(14)(10)(0 1 3 6 7 8 9 11 12 13 )
(2)(5)(6)(7)(10)(0 1 3 4 8 9 11 12 13 14 )
(2)(5)(6)(8)(10)(0 1 3 4 7 9 11 12 13 14 )
(2)(5)(6)(9)(10)(0 1 3 4 7 8 11 12 13 14 )
(2)(5)(6)(12)(10)(0 1 3 4 7 8 9 11 13 14 )
(2)(5)(6)(13)(10)(0 1 3 4 7 8 9 11 12 14 )
(2)(5)(6)(14)(10)(0 1 3 4 7 8 9 11 12 13 )
(2)(5)(7)(8)(10)(0 1 3 4 6 9 11 12 13 14 )
(2)(5)(7)(9)(10)(0 1 3 4 6 8 11 12 13 14 )
(2)(5)(7)(12)(10)(0 1 3 4 6 8 9 11 13 14 )
(2)(5)(7)(13)(10)(0 1 3 4 6 8 9 11 12 14 )
(2)(5)(7)(14)(10)(0 1 3 4 6 8 9 11 12 13 )
(2)(5)(8)(9)(10)(0 1 3 4 6 7 11 12 13 14 )
(2)(5)(8)(12)(10)(0 1 3 4 6 7 9 11 13 14 )
(2)(5)(8)(13)(10)(0 1 3 4 6 7 9 11 12 14 )
(2)(5)(8)(14)(10)(0 1 3 4 6 7 9 11 12 13 )
(2)(5)(9)(12)(10)(0 1 3 4 6 7 8 11 13 14 )
(2)(5)(9)(13)(10)(0 1 3 4 6 7 8 11 12 14 )
(2)(5)(9)(14)(10)(0 1 3 4 6 7 8 11 12 13 )
(2)(5)(12)(13)(10)(0 1 3 4 6 7 8 9 11 14 )
(2)(5)(12)(14)(10)(0 1 3 4 6 7 8 9 11 13 )
(2)(5)(13)(14)(10)(0 1 3 4 6 7 8 9 11 12 )
(3)(4)(5)(6)(10)(0 1 2 7 8 9 11 12 13 14 )
(3)(4)(5)(7)(10)(0 1 2 6 8 9 11 12 13 14 )
(3)(4)(5)(8)(10)(0 1 2 6 7 9 11 12 13 14 )
(3)(4)(5)(9)(10)(0 1 2 6 7 8 11 12 13 14 )
(3)(4)(5)(12)(10)(0 1 2 6 7 8 9 11 13 14 )
(3)(4)(5)(13)(10)(0 1 2 6 7 8 9 11 12 14 )
(3)(4)(5)(14)(10)(0 1 2 6 7 8 9 11 12 13 )
(3)(5)(6)(7)(10)(0 1 2 4 8 9 11 12 13 14 )
(3)(5)(6)(8)(10)(0 1 2 4 7 9 11 12 13 14 )
(3)(5)(6)(9)(10)(0 1 2 4 7 8 11 12 13 14 )
(3)(5)(6)(12)(10)(0 1 2 4 7 8 9 11 13 14 )
(3)(5)(6)(13)(10)(0 1 2 4 7 8 9 11 12 14 )
(3)(5)(6)(14)(10)(0 1 2 4 7 8 9 11 12 13 )
(3)(5)(7)(8)(10)(0 1 2 4 6 9 11 12 13 14 )
(3)(5)(7)(9)(10)(0 1 2 4 6 8 11 12 13 14 )
(3)(5)(7)(12)(10)(0 1 2 4 6 8 9 11 13 14 )
(3)(5)(7)(13)(10)(0 1 2 4 6 8 9 11 12 14 )
(3)(5)(7)(14)(10)(0 1 2 4 6 8 9 11 12 13 )
(3)(5)(8)(9)(10)(0 1 2 4 6 7 11 12 13 14 )
(3)(5)(8)(12)(10)(0 1 2 4 6 7 9 11 13 14 )
(3)(5)(8)(13)(10)(0 1 2 4 6 7 9 11 12 14 )
(3)(5)(8)(14)(10)(0 1 2 4 6 7 9 11 12 13 )
(3)(5)(9)(12)(10)(0 1 2 4 6 7 8 11 13 14 )
(3)(5)(9)(13)(10)(0 1 2 4 6 7 8 11 12 14 )
(3)(5)(9)(14)(10)(0 1 2 4 6 7 8 11 12 13 )
(3)(5)(12)(13)(10)(0 1 2 4 6 7 8 9 11 14 )
(3)(5)(12)(14)(10)(0 1 2 4 6 7 8 9 11 13 )
(3)(5)(13)(14)(10)(0 1 2 4 6 7 8 9 11 12 )
(4)(5)(6)(7)(10)(0 1 2 3 8 9 11 12 13 14 )
(4)(5)(6)(8)(10)(0 1 2 3 7 9 11 12 13 14 )
(4)(5)(6)(9)(10)(0 1 2 3 7 8 11 12 13 14 )
(4)(5)(6)(12)(10)(0 1 2 3 7 8 9 11 13 14 )
(4)(5)(6)(13)(10)(0 1 2 3 7 8 9 11 12 14 )
(4)(5)(6)(14)(10)(0 1 2 3 7 8 9 11 12 13 )
(4)(5)(7)(8)(10)(0 1 2 3 6 9 11 12 13 14 )
(4)(5)(7)(9)(10)(0 1 2 3 6 8 11 12 13 14 )
(4)(5)(7)(12)(10)(0 1 2 3 6 8 9 11 13 14 )
(4)(5)(7)(13)(10)(0 1 2 3 6 8 9 11 12 14 )
(4)(5)(7)(14)(10)(0 1 2 3 6 8 9 11 12 13 )
(4)(5)(8)(9)(10)(0 1 2 3 6 7 11 12 13 14 )
(4)(5)(8)(12)(10)(0 1 2 3 6 7 9 11 13 14 )
(4)(5)(8)(13)(10)(0 1 2 3 6 7 9 11 12 14 )
(4)(5)(8)(14)(10)(0 1 2 3 6 7 9 11 12 13 )
(4)(5)(9)(12)(10)(0 1 2 3 6 7 8 11 13 14 )
(4)(5)(9)(13)(10)(0 1 2 3 6 7 8 11 12 14 )
(4)(5)(9)(14)(10)(0 1 2 3 6 7 8 11 12 13 )
(4)(5)(12)(13)(10)(0 1 2 3 6 7 8 9 11 14 )
(4)(5)(12)(14)(10)(0 1 2 3 6 7 8 9 11 13 )
(4)(5)(13)(14)(10)(0 1 2 3 6 7 8 9 11 12 )
(5)(6)(7)(8)(10)(0 1 2 3 4 9 11 12 13 14 )
(5)(6)(7)(9)(10)(0 1 2 3 4 8 11 12 13 14 )
(5)(6)(7)(12)(10)(0 1 2 3 4 8 9 11 13 14 )
(5)(6)(7)(13)(10)(0 1 2 3 4 8 9 11 12 14 )
(5)(6)(7)(14)(10)(0 1 2 3 4 8 9 11 12 13 )
(5)(6)(8)(9)(10)(0 1 2 3 4 7 11 12 13 14 )
(5)(6)(8)(12)(10)(0 1 2 3 4 7 9 11 13 14 )
(5)(6)(8)(13)(10)(0 1 2 3 4 7 9 11 12 14 )
(5)(6)(8)(14)(10)(0 1 2 3 4 7 9 11 12 13 )
(5)(6)(9)(12)(10)(0 1 2 3 4 7 8 11 13 14 )
(5)(6)(9)(13)(10)(0 1 2 3 4 7 8 11 12 14 )
(5)(6)(9)(14)(10)(0 1 2 3 4 7 8 11 12 13 )
(5)(6)(12)(13)(10)(0 1 2 3 4 7 8 9 11 14 )
(5)(6)(12)(14)(10)(0 1 2 3 4 7 8 9 11 13 )
(5)(6)(13)(14)(10)(0 1 2 3 4 7 8 9 11 12 )
(5)(7)(8)(9)(10)(0 1 2 3 4 6 11 12 13 14 )
(5)(7)(8)(12)(10)(0 1 2 3 4 6 9 11 13 14 )
(5)(7)(8)(13)(10)(0 1 2 3 4 6 9 11 12 14 )
(5)(7)(8)(14)(10)(0 1 2 3 4 6 9 11 12 13 )
(5)(7)(9)(12)(10)(0 1 2 3 4 6 8 11 13 14 )
(5)(7)(9)(13)(10)(0 1 2 3 4 6 8 11 12 14 )
(5)(7)(9)(14)(10)(0 1 2 3 4 6 8 11 12 13 )
(5)(7)(12)(13)(10)(0 1 2 3 4 6 8 9 11 14 )
(5)(7)(12)(14)(10)(0 1 2 3 4 6 8 9 11 13 )
(5)(7)(13)(14)(10)(0 1 2 3 4 6 8 9 11 12 )
(5)(8)(9)(12)(10)(0 1 2 3 4 6 7 11 13 14 )
(5)(8)(9)(13)(10)(0 1 2 3 4 6 7 11 12 14 )
(5)(8)(9)(14)(10)(0 1 2 3 4 6 7 11 12 13 )
(5)(8)(12)(13)(10)(0 1 2 3 4 6 7 9 11 14 )
(5)(8)(12)(14)(10)(0 1 2 3 4 6 7 9 11 13 )
(5)(8)(13)(14)(10)(0 1 2 3 4 6 7 9 11 12 )
(5)(9)(12)(13)(10)(0 1 2 3 4 6 7 8 11 14 )
(5)(9)(12)(14)(10)(0 1 2 3 4 6 7 8 11 13 )
(5)(9)(13)(14)(10)(0 1 2 3 4 6 7 8 11 12 )
(5)(12)(13)(14)(10)(0 1 2 3 4 6 7 8 9 11 )
(0)(1)(2)(5)(12)(10)(3 4 6 7 8 9 11 13 14 )
(0)(1)(2)(5)(13)(10)(3 4 6 7 8 9 11 12 14 )
(0)(1)(2)(5)(14)(10)(3 4 6 7 8 9 11 12 13 )
(0)(1)(3)(5)(12)(10)(2 4 6 7 8 9 11 13 14 )
(0)(1)(3)(5)(13)(10)(2 4 6 7 8 9 11 12 14 )
(0)(1)(3)(5)(14)(10)(2 4 6 7 8 9 11 12 13 )
(0)(1)(4)(5)(12)(10)(2 3 6 7 8 9 11 13 14 )
(0)(1)(4)(5)(13)(10)(2 3 6 7 8 9 11 12 14 )
(0)(1)(4)(5)(14)(10)(2 3 6 7 8 9 11 12 13 )
(0)(1)(5)(6)(12)(10)(2 3 4 7 8 9 11 13 14 )
(0)(1)(5)(6)(13)(10)(2 3 4 7 8 9 11 12 14 )
(0)(1)(5)(6)(14)(10)(2 3 4 7 8 9 11 12 13 )
(0)(1)(5)(7)(12)(10)(2 3 4 6 8 9 11 13 14 )
(0)(1)(5)(7)(13)(10)(2 3 4 6 8 9 11 12 14 )
(0)(1)(5)(7)(14)(10)(2 3 4 6 8 9 11 12 13 )
(0)(1)(5)(8)(12)(10)(2 3 4 6 7 9 11 13 14 )
(0)(1)(5)(8)(13)(10)(2 3 4 6 7 9 11 12 14 )
(0)(1)(5)(8)(14)(10)(2 3 4 6 7 9 11 12 13 )
(0)(1)(5)(9)(12)(10)(2 3 4 6 7 8 11 13 14 )
(0)(1)(5)(9)(13)(10)(2 3 4 6 7 8 11 12 14 )
(0)(1)(5)(9)(14)(10)(2 3 4 6 7 8 11 12 13 )
(0)(1)(5)(12)(13)(10)(2 3 4 6 7 8 9 11 14 )
(0)(1)(5)(12)(14)(10)(2 3 4 6 7 8 9 11 13 )
(0)(1)(5)(13)(14)(10)(2 3 4 6 7 8 9 11 12 )
(0)(2)(3)(5)(12)(10)(1 4 6 7 8 9 11 13 14 )
(0)(2)(3)(5)(13)(10)(1 4 6 7 8 9 11 12 14 )
(0)(2)(3)(5)(14)(10)(1 4 6 7 8 9 11 12 13 )
(0)(2)(4)(5)(12)(10)(1 3 6 7 8 9 11 13 14 )
(0)(2)(4)(5)(13)(10)(1 3 6 7 8 9 11 12 14 )
(0)(2)(4)(5)(14)(10)(1 3 6 7 8 9 11 12 13 )
(0)(2)(5)(6)(12)(10)(1 3 4 7 8 9 11 13 14 )
(0)(2)(5)(6)(13)(10)(1 3 4 7 8 9 11 12 14 )
(0)(2)(5)(6)(14)(10)(1 3 4 7 8 9 11 12 13 )
(0)(2)(5)(7)(12)(10)(1 3 4 6 8 9 11 13 14 )
(0)(2)(5)(7)(13)(10)(1 3 4 6 8 9 11 12 14 )
(0)(2)(5)(7)(14)(10)(1 3 4 6 8 9 11 12 13 )
(0)(2)(5)(8)(12)(10)(1 3 4 6 7 9 11 13 14 )
(0)(2)(5)(8)(13)(10)(1 3 4 6 7 9 11 12 14 )
(0)(2)(5)(8)(14)(10)(1 3 4 6 7 9 11 12 13 )
(0)(2)(5)(9)(12)(10)(1 3 4 6 7 8 11 13 14 )
(0)(2)(5)(9)(13)(10)(1 3 4 6 7 8 11 12 14 )
(0)(2)(5)(9)(14)(10)(1 3 4 6 7 8 11 12 13 )
(0)(2)(5)(12)(13)(10)(1 3 4 6 7 8 9 11 14 )
(0)(2)(5)(12)(14)(10)(1 3 4 6 7 8 9 11 13 )
(0)(2)(5)(13)(14)(10)(1 3 4 6 7 8 9 11 12 )
(0)(3)(4)(5)(12)(10)(1 2 6 7 8 9 11 13 14 )
(0)(3)(4)(5)(13)(10)(1 2 6 7 8 9 11 12 14 )
(0)(3)(4)(5)(14)(10)(1 2 6 7 8 9 11 12 13 )
(0)(3)(5)(6)(12)(10)(1 2 4 7 8 9 11 13 14 )
(0)(3)(5)(6)(13)(10)(1 2 4 7 8 9 11 12 14 )
(0)(3)(5)(6)(14)(10)(1 2 4 7 8 9 11 12 13 )
(0)(3)(5)(7)(12)(10)(1 2 4 6 8 9 11 13 14 )
(0)(3)(5)(7)(13)(10)(1 2 4 6 8 9 11 12 14 )
(0)(3)(5)(7)(14)(10)(1 2 4 6 8 9 11 12 13 )
(0)(3)(5)(8)(12)(10)(1 2 4 6 7 9 11 13 14 )
(0)(3)(5)(8)(13)(10)(1 2 4 6 7 9 11 12 14 )
(0)(3)(5)(8)(14)(10)(1 2 4 6 7 9 11 12 13 )
(0)(3)(5)(9)(12)(10)(1 2 4 6 7 8 11 13 14 )
(0)(3)(5)(9)(13)(10)(1 2 4 6 7 8 11 12 14 )
(0)(3)(5)(9)(14)(10)(1 2 4 6 7 8 11 12 13 )
(0)(3)(5)(12)(13)(10)(1 2 4 6 7 8 9 11 14 )
(0)(3)(5)(12)(14)(10)(1 2 4 6 7 8 9 11 13 )
(0)(3)(5)(13)(14)(10)(1 2 4 6 7 8 9 11 12 )
(0)(4)(5)(6)(12)(10)(1 2 3 7 8 9 11 13 14 )
(0)(4)(5)(6)(13)(10)(1 2 3 7 8 9 11 12 14 )
(0)(4)(5)(6)(14)(10)(1 2 3 7 8 9 11 12 13 )
(0)(4)(5)(7)(12)(10)(1 2 3 6 8 9 11 13 14 )
(0)(4)(5)(7)(13)(10)(1 2 3 6 8 9 11 12 14 )
(0)(4)(5)(7)(14)(10)(1 2 3 6 8 9 11 12 13 )
(0)(4)(5)(8)(12)(10)(1 2 3 6 7 9 11 13 14 )
(0)(4)(5)(8)(13)(10)(1 2 3 6 7 9 11 12 14 )
(0)(4)(5)(8)(14)(10)(1 2 3 6 7 9 11 12 13 )
(0)(4)(5)(9)(12)(10)(1 2 3 6 7 8 11 13 14 )
(0)(4)(5)(9)(13)(10)(1 2 3 6 7 8 11 12 14 )
(0)(4)(5)(9)(14)(10)(1 2 3 6 7 8 11 12 13 )
(0)(4)(5)(12)(13)(10)(1 2 3 6 7 8 9 11 14 )
(0)(4)(5)(12)(14)(10)(1 2 3 6 7 8 9 11 13 )
(0)(4)(5)(13)(14)(10)(1 2 3 6 7 8 9 11 12 )
(0)(5)(6)(7)(12)(10)(1 2 3 4 8 9 11 13 14 )
(0)(5)(6)(7)(13)(10)(1 2 3 4 8 9 11 12 14 )
(0)(5)(6)(7)(14)(10)(1 2 3 4 8 9 11 12 13 )
(0)(5)(6)(8)(12)(10)(1 2 3 4 7 9 11 13 14 )
(0)(5)(6)(8)(13)(10)(1 2 3 4 7 9 11 12 14 )
(0)(5)(6)(8)(14)(10)(1 2 3 4 7 9 11 12 13 )
(0)(5)(6)(9)(12)(10)(1 2 3 4 7 8 11 13 14 )
(0)(5)(6)(9)(13)(10)(1 2 3 4 7 8 11 12 14 )
(0)(5)(6)(9)(14)(10)(1 2 3 4 7 8 11 12 13 )
(0)(5)(6)(12)(13)(10)(1 2 3 4 7 8 9 11 14 )
(0)(5)(6)(12)(14)(10)(1 2 3 4 7 8 9 11 13 )
(0)(5)(6)(13)(14)(10)(1 2 3 4 7 8 9 11 12 )
(0)(5)(7)(8)(12)(10)(1 2 3 4 6 9 11 13 14 )
(0)(5)(7)(8)(13)(10)(1 2 3 4 6 9 11 12 14 )
(0)(5)(7)(8)(14)(10)(1 2 3 4 6 9 11 12 13 )
(0)(5)(7)(9)(12)(10)(1 2 3 4 6 8 11 13 14 )
(0)(5)(7)(9)(13)(10)(1 2 3 4 6 8 11 12 14 )
(0)(5)(7)(9)(14)(10)(1 2 3 4 6 8 11 12 13 )
(0)(5)(7)(12)(13)(10)(1 2 3 4 6 8 9 11 14 )
(0)(5)(7)(12)(14)(10)(1 2 3 4 6 8 9 11 13 )
(0)(5)(7)(13)(14)(10)(1 2 3 4 6 8 9 11 12 )
(0)(5)(8)(9)(12)(10)(1 2 3 4 6 7 11 13 14 )
(0)(5)(8)(9)(13)(10)(1 2 3 4 6 7 11 12 14 )
(0)(5)(8)(9)(14)(10)(1 2 3 4 6 7 11 12 13 )
(0)(5)(8)(12)(13)(10)(1 2 3 4 6 7 9 11 14 )
(0)(5)(8)(12)(14)(10)(1 2 3 4 6 7 9 11 13 )
(0)(5)(8)(13)(14)(10)(1 2 3 4 6 7 9 11 12 )
(0)(5)(9)(12)(13)(10)(1 2 3 4 6 7 8 11 14 )
(0)(5)(9)(12)(14)(10)(1 2 3 4 6 7 8 11 13 )
(0)(5)(9)(13)(14)(10)(1 2 3 4 6 7 8 11 12 )
(0)(5)(12)(13)(14)(10)(1 2 3 4 6 7 8 9 11 )
(1)(2)(3)(5)(12)(10)(0 4 6 7 8 9 11 13 14 )
(1)(2)(3)(5)(13)(10)(0 4 6 7 8 9 11 12 14 )
(1)(2)(3)(5)(14)(10)(0 4 6 7 8 9 11 12 13 )
(1)(2)(4)(5)(12)(10)(0 3 6 7 8 9 11 13 14 )
(1)(2)(4)(5)(13)(10)(0 3 6 7 8 9 11 12 14 )
(1)(2)(4)(5)(14)(10)(0 3 6 7 8 9 11 12 13 )
(1)(2)(5)(6)(12)(10)(0 3 4 7 8 9 11 13 14 )
(1)(2)(5)(6)(13)(10)(0 3 4 7 8 9 11 12 14 )
(1)(2)(5)(6)(14)(10)(0 3 4 7 8 9 11 12 13 )
(1)(2)(5)(7)(12)(10)(0 3 4 6 8 9 11 13 14 )
(1)(2)(5)(7)(13)(10)(0 3 4 6 8 9 11 12 14 )
(1)(2)(5)(7)(14)(10)(0 3 4 6 8 9 11 12 13 )
(1)(2)(5)(8)(12)(10)(0 3 4 6 7 9 11 13 14 )
(1)(2)(5)(8)(13)(10)(0 3 4 6 7 9 11 12 14 )
(1)(2)(5)(8)(14)(10)(0 3 4 6 7 9 11 12 13 )
(1)(2)(5)(9)(12)(10)(0 3 4 6 7 8 11 13 14 )
(1)(2)(5)(9)(13)(10)(0 3 4 6 7 8 11 12 14 )
(1)(2)(5)(9)(14)(10)(0 3 4 6 7 8 11 12 13 )
(1)(2)(5)(12)(13)(10)(0 3 4 6 7 8 9 11 14 )
(1)(2)(5)(12)(14)(10)(0 3 4 6 7 8 9 11 13 )
(1)(2)(5)(13)(14)(10)(0 3 4 6 7 8 9 11 12 )
(1)(3)(4)(5)(12)(10)(0 2 6 7 8 9 11 13 14 )
(1)(3)(4)(5)(13)(10)(0 2 6 7 8 9 11 12 14 )
(1)(3)(4)(5)(14)(10)(0 2 6 7 8 9 11 12 13 )
(1)(3)(5)(6)(12)(10)(0 2 4 7 8 9 11 13 14 )
(1)(3)(5)(6)(13)(10)(0 2 4 7 8 9 11 12 14 )
(1)(3)(5)(6)(14)(10)(0 2 4 7 8 9 11 12 13 )
(1)(3)(5)(7)(12)(10)(0 2 4 6 8 9 11 13 14 )
(1)(3)(5)(7)(13)(10)(0 2 4 6 8 9 11 12 14 )
(1)(3)(5)(7)(14)(10)(0 2 4 6 8 9 11 12 13 )
(1)(3)(5)(8)(12)(10)(0 2 4 6 7 9 11 13 14 )
(1)(3)(5)(8)(13)(10)(0 2 4 6 7 9 11 12 14 )
(1)(3)(5)(8)(14)(10)(0 2 4 6 7 9 11 12 13 )
(1)(3)(5)(9)(12)(10)(0 2 4 6 7 8 11 13 14 )
(1)(3)(5)(9)(13)(10)(0 2 4 6 7 8 11 12 14 )
(1)(3)(5)(9)(14)(10)(0 2 4 6 7 8 11 12 13 )
(1)(3)(5)(12)(13)(10)(0 2 4 6 7 8 9 11 14 )
(1)(3)(5)(12)(14)(10)(0 2 4 6 7 8 9 11 13 )
(1)(3)(5)(13)(14)(10)(0 2 4 6 7 8 9 11 12 )
(1)(4)(5)(6)(12)(10)(0 2 3 7 8 9 11 13 14 )
(1)(4)(5)(6)(13)(10)(0 2 3 7 8 9 11 12 14 )
(1)(4)(5)(6)(14)(10)(0 2 3 7 8 9 11 12 13 )
(1)(4)(5)(7)(12)(10)(0 2 3 6 8 9 11 13 14 )
(1)(4)(5)(7)(13)(10)(0 2 3 6 8 9 11 12 14 )
(1)(4)(5)(7)(14)(10)(0 2 3 6 8 9 11 12 13 )
(1)(4)(5)(8)(12)(10)(0 2 3 6 7 9 11 13 14 )
(1)(4)(5)(8)(13)(10)(0 2 3 6 7 9 11 12 14 )
(1)(4)(5)(8)(14)(10)(0 2 3 6 7 9 11 12 13 )
(1)(4)(5)(9)(12)(10)(0 2 3 6 7 8 11 13 14 )
(1)(4)(5)(9)(13)(10)(0 2 3 6 7 8 11 12 14 )
(1)(4)(5)(9)(14)(10)(0 2 3 6 7 8 11 12 13 )
(1)(4)(5)(12)(13)(10)(0 2 3 6 7 8 9 11 14 )
(1)(4)(5)(12)(14)(10)(0 2 3 6 7 8 9 11 13 )
(1)(4)(5)(13)(14)(10)(0 2 3 6 7 8 9 11 12 )
(1)(5)(6)(7)(12)(10)(0 2 3 4 8 9 11 13 14 )
(1)(5)(6)(7)(13)(10)(0 2 3 4 8 9 11 12 14 )
(1)(5)(6)(7)(14)(10)(0 2 3 4 8 9 11 12 13 )
(1)(5)(6)(8)(12)(10)(0 2 3 4 7 9 11 13 14 )
(1)(5)(6)(8)(13)(10)(0 2 3 4 7 9 11 12 14 )
(1)(5)(6)(8)(14)(10)(0 2 3 4 7 9 11 12 13 )
(1)(5)(6)(9)(12)(10)(0 2 3 4 7 8 11 13 14 )
(1)(5)(6)(9)(13)(10)(0 2 3 4 7 8 11 12 14 )
(1)(5)(6)(9)(14)(10)(0 2 3 4 7 8 11 12 13 )
(1)(5)(6)(12)(13)(10)(0 2 3 4 7 8 9 11 14 )
(1)(5)(6)(12)(14)(10)(0 2 3 4 7 8 9 11 13 )
(1)(5)(6)(13)(14)(10)(0 2 3 4 7 8 9 11 12 )
(1)(5)(7)(8)(12)(10)(0 2 3 4 6 9 11 13 14 )
(1)(5)(7)(8)(13)(10)(0 2 3 4 6 9 11 12 14 )
(1)(5)(7)(8)(14)(10)(0 2 3 4 6 9 11 12 13 )
(1)(5)(7)(9)(12)(10)(0 2 3 4 6 8 11 13 14 )
(1)(5)(7)(9)(13)(10)(0 2 3 4 6 8 11 12 14 )
(1)(5)(7)(9)(14)(10)(0 2 3 4 6 8 11 12 13 )
(1)(5)(7)(12)(13)(10)(0 2 3 4 6 8 9 11 14 )
(1)(5)(7)(12)(14)(10)(0 2 3 4 6 8 9 11 13 )
(1)(5)(7)(13)(14)(10)(0 2 3 4 6 8 9 11 12 )
(1)(5)(8)(9)(12)(10)(0 2 3 4 6 7 11 13 14 )
(1)(5)(8)(9)(13)(10)(0 2 3 4 6 7 11 12 14 )
(1)(5)(8)(9)(14)(10)(0 2 3 4 6 7 11 12 13 )
(1)(5)(8)(12)(13)(10)(0 2 3 4 6 7 9 11 14 )
(1)(5)(8)(12)(14)(10)(0 2 3 4 6 7 9 11 13 )
(1)(5)(8)(13)(14)(10)(0 2 3 4 6 7 9 11 12 )
(1)(5)(9)(12)(13)(10)(0 2 3 4 6 7 8 11 14 )
(1)(5)(9)(12)(14)(10)(0 2 3 4 6 7 8 11 13 )
(1)(5)(9)(13)(14)(10)(0 2 3 4 6 7 8 11 12 )
(1)(5)(12)(13)(14)(10)(0 2 3 4 6 7 8 9 11 )
(2)(3)(4)(5)(12)(10)(0 1 6 7 8 9 11 13 14 )
(2)(3)(4)(5)(13)(10)(0 1 6 7 8 9 11 12 14 )
(2)(3)(4)(5)(14)(10)(0 1 6 7 8 9 11 12 13 )
(2)(3)(5)(6)(12)(10)(0 1 4 7 8 9 11 13 14 )
(2)(3)(5)(6)(13)(10)(0 1 4 7 8 9 11 12 14 )
(2)(3)(5)(6)(14)(10)(0 1 4 7 8 9 11 12 13 )
(2)(3)(5)(7)(12)(10)(0 1 4 6 8 9 11 13 14 )
(2)(3)(5)(7)(13)(10)(0 1 4 6 8 9 11 12 14 )
(2)(3)(5)(7)(14)(10)(0 1 4 6 8 9 11 12 13 )
(2)(3)(5)(8)(12)(10)(0 1 4 6 7 9 11 13 14 )
(2)(3)(5)(8)(13)(10)(0 1 4 6 7 9 11 12 14 )
(2)(3)(5)(8)(14)(10)(0 1 4 6 7 9 11 12 13 )
(2)(3)(5)(9)(12)(10)(0 1 4 6 7 8 11 13 14 )
(2)(3)(5)(9)(13)(10)(0 1 4 6 7 8 11 12 14 )
(2)(3)(5)(9)(14)(10)(0 1 4 6 7 8 11 12 13 )
(2)(3)(5)(12)(13)(10)(0 1 4 6 7 8 9 11 14 )
(2)(3)(5)(12)(14)(10)(0 1 4 6 7 8 9 11 13 )
(2)(3)(5)(13)(14)(10)(0 1 4 6 7 8 9 11 12 )
(2)(4)(5)(6)(12)(10)(0 1 3 7 8 9 11 13 14 )
(2)(4)(5)(6)(13)(10)(0 1 3 7 8 9 11 12 14 )
(2)(4)(5)(6)(14)(10)(0 1 3 7 8 9 11 12 13 )
(2)(4)(5)(7)(12)(10)(0 1 3 6 8 9 11 13 14 )
(2)(4)(5)(7)(13)(10)(0 1 3 6 8 9 11 12 14 )
(2)(4)(5)(7)(14)(10)(0 1 3 6 8 9 11 12 13 )
(2)(4)(5)(8)(12)(10)(0 1 3 6 7 9 11 13 14 )
(2)(4)(5)(8)(13)(10)(0 1 3 6 7 9 11 12 14 )
(2)(4)(5)(8)(14)(10)(0 1 3 6 7 9 11 12 13 )
(2)(4)(5)(9)(12)(10)(0 1 3 6 7 8 11 13 14 )
(2)(4)(5)(9)(13)(10)(0 1 3 6 7 8 11 12 14 )
(2)(4)(5)(9)(14)(10)(0 1 3 6 7 8 11 12 13 )
(2)(4)(5)(12)(13)(10)(0 1 3 6 7 8 9 11 14 )
(2)(4)(5)(12)(14)(10)(0 1 3 6 7 8 9 11 13 )
(2)(4)(5)(13)(14)(10)(0 1 3 6 7 8 9 11 12 )
(2)(5)(6)(7)(12)(10)(0 1 3 4 8 9 11 13 14 )
(2)(5)(6)(7)(13)(10)(0 1 3 4 8 9 11 12 14 )
(2)(5)(6)(7)(14)(10)(0 1 3 4 8 9 11 12 13 )
(2)(5)(6)(8)(12)(10)(0 1 3 4 7 9 11 13 14 )
(2)(5)(6)(8)(13)(10)(0 1 3 4 7 9 11 12 14 )
(2)(5)(6)(8)(14)(10)(0 1 3 4 7 9 11 12 13 )
(2)(5)(6)(9)(12)(10)(0 1 3 4 7 8 11 13 14 )
(2)(5)(6)(9)(13)(10)(0 1 3 4 7 8 11 12 14 )
(2)(5)(6)(9)(14)(10)(0 1 3 4 7 8 11 12 13 )
(2)(5)(6)(12)(13)(10)(0 1 3 4 7 8 9 11 14 )
(2)(5)(6)(12)(14)(10)(0 1 3 4 7 8 9 11 13 )
(2)(5)(6)(13)(14)(10)(0 1 3 4 7 8 9 11 12 )
(2)(5)(7)(8)(12)(10)(0 1 3 4 6 9 11 13 14 )
(2)(5)(7)(8)(13)(10)(0 1 3 4 6 9 11 12 14 )
(2)(5)(7)(8)(14)(10)(0 1 3 4 6 9 11 12 13 )
(2)(5)(7)(9)(12)(10)(0 1 3 4 6 8 11 13 14 )
(2)(5)(7)(9)(13)(10)(0 1 3 4 6 8 11 12 14 )
(2)(5)(7)(9)(14)(10)(0 1 3 4 6 8 11 12 13 )
(2)(5)(7)(12)(13)(10)(0 1 3 4 6 8 9 11 14 )
(2)(5)(7)(12)(14)(10)(0 1 3 4 6 8 9 11 13 )
(2)(5)(7)(13)(14)(10)(0 1 3 4 6 8 9 11 12 )
(2)(5)(8)(9)(12)(10)(0 1 3 4 6 7 11 13 14 )
(2)(5)(8)(9)(13)(10)(0 1 3 4 6 7 11 12 14 )
(2)(5)(8)(9)(14)(10)(0 1 3 4 6 7 11 12 13 )
(2)(5)(8)(12)(13)(10)(0 1 3 4 6 7 9 11 14 )
(2)(5)(8)(12)(14)(10)(0 1 3 4 6 7 9 11 13 )
(2)(5)(8)(13)(14)(10)(0 1 3 4 6 7 9 11 12 )
(2)(5)(9)(12)(13)(10)(0 1 3 4 6 7 8 11 14 )
(2)(5)(9)(12)(14)(10)(0 1 3 4 6 7 8 11 13 )
(2)(5)(9)(13)(14)(10)(0 1 3 4 6 7 8 11 12 )
(2)(5)(12)(13)(14)(10)(0 1 3 4 6 7 8 9 11 )
(3)(4)(5)(6)(12)(10)(0 1 2 7 8 9 11 13 14 )
(3)(4)(5)(6)(13)(10)(0 1 2 7 8 9 11 12 14 )
(3)(4)(5)(6)(14)(10)(0 1 2 7 8 9 11 12 13 )
(3)(4)(5)(7)(12)(10)(0 1 2 6 8 9 11 13 14 )
(3)(4)(5)(7)(13)(10)(0 1 2 6 8 9 11 12 14 )
(3)(4)(5)(7)(14)(10)(0 1 2 6 8 9 11 12 13 )
(3)(4)(5)(8)(12)(10)(0 1 2 6 7 9 11 13 14 )
(3)(4)(5)(8)(13)(10)(0 1 2 6 7 9 11 12 14 )
(3)(4)(5)(8)(14)(10)(0 1 2 6 7 9 11 12 13 )
(3)(4)(5)(9)(12)(10)(0 1 2 6 7 8 11 13 14 )
(3)(4)(5)(9)(13)(10)(0 1 2 6 7 8 11 12 14 )
(3)(4)(5)(9)(14)(10)(0 1 2 6 7 8 11 12 13 )
(3)(4)(5)(12)(13)(10)(0 1 2 6 7 8 9 11 14 )
(3)(4)(5)(12)(14)(10)(0 1 2 6 7 8 9 11 13 )
(3)(4)(5)(13)(14)(10)(0 1 2 6 7 8 9 11 12 )
(3)(5)(6)(7)(12)(10)(0 1 2 4 8 9 11 13 14 )
(3)(5)(6)(7)(13)(10)(0 1 2 4 8 9 11 12 14 )
(3)(5)(6)(7)(14)(10)(0 1 2 4 8 9 11 12 13 )
(3)(5)(6)(8)(12)(10)(0 1 2 4 7 9 11 13 14 )
(3)(5)(6)(8)(13)(10)(0 1 2 4 7 9 11 12 14 )
(3)(5)(6)(8)(14)(10)(0 1 2 4 7 9 11 12 13 )
(3)(5)(6)(9)(12)(10)(0 1 2 4 7 8 11 13 14 )
(3)(5)(6)(9)(13)(10)(0 1 2 4 7 8 11 12 14 )
(3)(5)(6)(9)(14)(10)(0 1 2 4 7 8 11 12 13 )
(3)(5)(6)(12)(13)(10)(0 1 2 4 7 8 9 11 14 )
(3)(5)(6)(12)(14)(10)(0 1 2 4 7 8 9 11 13 )
(3)(5)(6)(13)(14)(10)(0 1 2 4 7 8 9 11 12 )
(3)(5)(7)(8)(12)(10)(0 1 2 4 6 9 11 13 14 )
(3)(5)(7)(8)(13)(10)(0 1 2 4 6 9 11 12 14 )
(3)(5)(7)(8)(14)(10)(0 1 2 4 6 9 11 12 13 )
(3)(5)(7)(9)(12)(10)(0 1 2 4 6 8 11 13 14 )
(3)(5)(7)(9)(13)(10)(0 1 2 4 6 8 11 12 14 )
(3)(5)(7)(9)(14)(10)(0 1 2 4 6 8 11 12 13 )
(3)(5)(7)(12)(13)(10)(0 1 2 4 6 8 9 11 14 )
(3)(5)(7)(12)(14)(10)(0 1 2 4 6 8 9 11 13 )
(3)(5)(7)(13)(14)(10)(0 1 2 4 6 8 9 11 12 )
(3)(5)(8)(9)(12)(10)(0 1 2 4 6 7 11 13 14 )
(3)(5)(8)(9)(13)(10)(0 1 2 4 6 7 11 12 14 )
(3)(5)(8)(9)(14)(10)(0 1 2 4 6 7 11 12 13 )
(3)(5)(8)(12)(13)(10)(0 1 2 4 6 7 9 11 14 )
(3)(5)(8)(12)(14)(10)(0 1 2 4 6 7 9 11 13 )
(3)(5)(8)(13)(14)(10)(0 1 2 4 6 7 9 11 12 )
(3)(5)(9)(12)(13)(10)(0 1 2 4 6 7 8 11 14 )
(3)(5)(9)(12)(14)(10)(0 1 2 4 6 7 8 11 13 )
(3)(5)(9)(13)(14)(10)(0 1 2 4 6 7 8 11 12 )
(3)(5)(12)(13)(14)(10)(0 1 2 4 6 7 8 9 11 )
(4)(5)(6)(7)(12)(10)(0 1 2 3 8 9 11 13 14 )
(4)(5)(6)(7)(13)(10)(0 1 2 3 8 9 11 12 14 )
(4)(5)(6)(7)(14)(10)(0 1 2 3 8 9 11 12 13 )
(4)(5)(6)(8)(12)(10)(0 1 2 3 7 9 11 13 14 )
(4)(5)(6)(8)(13)(10)(0 1 2 3 7 9 11 12 14 )
(4)(5)(6)(8)(14)(10)(0 1 2 3 7 9 11 12 13 )
(4)(5)(6)(9)(12)(10)(0 1 2 3 7 8 11 13 14 )
(4)(5)(6)(9)(13)(10)(0 1 2 3 7 8 11 12 14 )
(4)(5)(6)(9)(14)(10)(0 1 2 3 7 8 11 12 13 )
(4)(5)(6)(12)(13)(10)(0 1 2 3 7 8 9 11 14 )
(4)(5)(6)(12)(14)(10)(0 1 2 3 7 8 9 11 13 )
(4)(5)(6)(13)(14)(10)(0 1 2 3 7 8 9 11 12 )
(4)(5)(7)(8)(12)(10)(0 1 2 3 6 9 11 13 14 )
(4)(5)(7)(8)(13)(10)(0 1 2 3 6 9 11 12 14 )
(4)(5)(7)(8)(14)(10)(0 1 2 3 6 9 11 12 13 )
(4)(5)(7)(9)(12)(10)(0 1 2 3 6 8 11 13 14 )
(4)(5)(7)(9)(13)(10)(0 1 2 3 6 8 11 12 14 )
(4)(5)(7)(9)(14)(10)(0 1 2 3 6 8 11 12 13 )
(4)(5)(7)(12)(13)(10)(0 1 2 3 6 8 9 11 14 )
(4)(5)(7)(12)(14)(10)(0 1 2 3 6 8 9 11 13 )
(4)(5)(7)(13)(14)(10)(0 1 2 3 6 8 9 11 12 )
(4)(5)(8)(9)(12)(10)(0 1 2 3 6 7 11 13 14 )
(4)(5)(8)(9)(13)(10)(0 1 2 3 6 7 11 12 14 )
(4)(5)(8)(9)(14)(10)(0 1 2 3 6 7 11 12 13 )
(4)(5)(8)(12)(13)(10)(0 1 2 3 6 7 9 11 14 )
(4)(5)(8)(12)(14)(10)(0 1 2 3 6 7 9 11 13 )
(4)(5)(8)(13)(14)(10)(0 1 2 3 6 7 9 11 12 )
(4)(5)(9)(12)(13)(10)(0 1 2 3 6 7 8 11 14 )
(4)(5)(9)(12)(14)(10)(0 1 2 3 6 7 8 11 13 )
(4)(5)(9)(13)(14)(10)(0 1 2 3 6 7 8 11 12 )
(4)(5)(12)(13)(14)(10)(0 1 2 3 6 7 8 9 11 )
(5)(6)(7)(8)(12)(10)(0 1 2 3 4 9 11 13 14 )
(5)(6)(7)(8)(13)(10)(0 1 2 3 4 9 11 12 14 )
(5)(6)(7)(8)(14)(10)(0 1 2 3 4 9 11 12 13 )
(5)(6)(7)(9)(12)(10)(0 1 2 3 4 8 11 13 14 )
(5)(6)(7)(9)(13)(10)(0 1 2 3 4 8 11 12 14 )
(5)(6)(7)(9)(14)(10)(0 1 2 3 4 8 11 12 13 )
(5)(6)(7)(12)(13)(10)(0 1 2 3 4 8 9 11 14 )
(5)(6)(7)(12)(14)(10)(0 1 2 3 4 8 9 11 13 )
(5)(6)(7)(13)(14)(10)(0 1 2 3 4 8 9 11 12 )
(5)(6)(8)(9)(12)(10)(0 1 2 3 4 7 11 13 14 )
(5)(6)(8)(9)(13)(10)(0 1 2 3 4 7 11 12 14 )
(5)(6)(8)(9)(14)(10)(0 1 2 3 4 7 11 12 13 )
(5)(6)(8)(12)(13)(10)(0 1 2 3 4 7 9 11 14 )
(5)(6)(8)(12)(14)(10)(0 1 2 3 4 7 9 11 13 )
(5)(6)(8)(13)(14)(10)(0 1 2 3 4 7 9 11 12 )
(5)(6)(9)(12)(13)(10)(0 1 2 3 4 7 8 11 14 )
(5)(6)(9)(12)(14)(10)(0 1 2 3 4 7 8 11 13 )
(5)(6)(9)(13)(14)(10)(0 1 2 3 4 7 8 11 12 )
(5)(6)(12)(13)(14)(10)(0 1 2 3 4 7 8 9 11 )
(5)(7)(8)(9)(12)(10)(0 1 2 3 4 6 11 13 14 )
(5)(7)(8)(9)(13)(10)(0 1 2 3 4 6 11 12 14 )
(5)(7)(8)(9)(14)(10)(0 1 2 3 4 6 11 12 13 )
(5)(7)(8)(12)(13)(10)(0 1 2 3 4 6 9 11 14 )
(5)(7)(8)(12)(14)(10)(0 1 2 3 4 6 9 11 13 )
(5)(7)(8)(13)(14)(10)(0 1 2 3 4 6 9 11 12 )
(5)(7)(9)(12)(13)(10)(0 1 2 3 4 6 8 11 14 )
(5)(7)(9)(12)(14)(10)(0 1 2 3 4 6 8 11 13 )
(5)(7)(9)(13)(14)(10)(0 1 2 3 4 6 8 11 12 )
(5)(7)(12)(13)(14)(10)(0 1 2 3 4 6 8 9 11 )
(5)(8)(9)(12)(13)(10)(0 1 2 3 4 6 7 11 14 )
(5)(8)(9)(12)(14)(10)(0 1 2 3 4 6 7 11 13 )
(5)(8)(9)(13)(14)(10)(0 1 2 3 4 6 7 11 12 )
(5)(8)(12)(13)(14)(10)(0 1 2 3 4 6 7 9 11 )
(5)(9)(12)(13)(14)(10)(0 1 2 3 4 6 7 8 11 )
(0)(1)(2)(5)(12)(13)(10)(3 4 6 7 8 9 11 14 )
(0)(1)(2)(5)(12)(14)(10)(3 4 6 7 8 9 11 13 )
(0)(1)(2)(5)(13)(14)(10)(3 4 6 7 8 9 11 12 )
(0)(1)(3)(5)(12)(13)(10)(2 4 6 7 8 9 11 14 )
(0)(1)(3)(5)(12)(14)(10)(2 4 6 7 8 9 11 13 )
(0)(1)(3)(5)(13)(14)(10)(2 4 6 7 8 9 11 12 )
(0)(1)(4)(5)(12)(13)(10)(2 3 6 7 8 9 11 14 )
(0)(1)(4)(5)(12)(14)(10)(2 3 6 7 8 9 11 13 )
(0)(1)(4)(5)(13)(14)(10)(2 3 6 7 8 9 11 12 )
(0)(1)(5)(6)(12)(13)(10)(2 3 4 7 8 9 11 14 )
(0)(1)(5)(6)(12)(14)(10)(2 3 4 7 8 9 11 13 )
(0)(1)(5)(6)(13)(14)(10)(2 3 4 7 8 9 11 12 )
(0)(1)(5)(7)(12)(13)(10)(2 3 4 6 8 9 11 14 )
(0)(1)(5)(7)(12)(14)(10)(2 3 4 6 8 9 11 13 )
(0)(1)(5)(7)(13)(14)(10)(2 3 4 6 8 9 11 12 )
(0)(1)(5)(8)(12)(13)(10)(2 3 4 6 7 9 11 14 )
(0)(1)(5)(8)(12)(14)(10)(2 3 4 6 7 9 11 13 )
(0)(1)(5)(8)(13)(14)(10)(2 3 4 6 7 9 11 12 )
(0)(1)(5)(9)(12)(13)(10)(2 3 4 6 7 8 11 14 )
(0)(1)(5)(9)(12)(14)(10)(2 3 4 6 7 8 11 13 )
(0)(1)(5)(9)(13)(14)(10)(2 3 4 6 7 8 11 12 )
(0)(1)(5)(12)(13)(14)(10)(2 3 4 6 7 8 9 11 )
(0)(2)(3)(5)(12)(13)(10)(1 4 6 7 8 9 11 14 )
(0)(2)(3)(5)(12)(14)(10)(1 4 6 7 8 9 11 13 )
(0)(2)(3)(5)(13)(14)(10)(1 4 6 7 8 9 11 12 )
(0)(2)(4)(5)(12)(13)(10)(1 3 6 7 8 9 11 14 )
(0)(2)(4)(5)(12)(14)(10)(1 3 6 7 8 9 11 13 )
(0)(2)(4)(5)(13)(14)(10)(1 3 6 7 8 9 11 12 )
(0)(2)(5)(6)(12)(13)(10)(1 3 4 7 8 9 11 14 )
(0)(2)(5)(6)(12)(14)(10)(1 3 4 7 8 9 11 13 )
(0)(2)(5)(6)(13)(14)(10)(1 3 4 7 8 9 11 12 )
(0)(2)(5)(7)(12)(13)(10)(1 3 4 6 8 9 11 14 )
(0)(2)(5)(7)(12)(14)(10)(1 3 4 6 8 9 11 13 )
(0)(2)(5)(7)(13)(14)(10)(1 3 4 6 8 9 11 12 )
(0)(2)(5)(8)(12)(13)(10)(1 3 4 6 7 9 11 14 )
(0)(2)(5)(8)(12)(14)(10)(1 3 4 6 7 9 11 13 )
(0)(2)(5)(8)(13)(14)(10)(1 3 4 6 7 9 11 12 )
(0)(2)(5)(9)(12)(13)(10)(1 3 4 6 7 8 11 14 )
(0)(2)(5)(9)(12)(14)(10)(1 3 4 6 7 8 11 13 )
(0)(2)(5)(9)(13)(14)(10)(1 3 4 6 7 8 11 12 )
(0)(2)(5)(12)(13)(14)(10)(1 3 4 6 7 8 9 11 )
(0)(3)(4)(5)(12)(13)(10)(1 2 6 7 8 9 11 14 )
(0)(3)(4)(5)(12)(14)(10)(1 2 6 7 8 9 11 13 )
(0)(3)(4)(5)(13)(14)(10)(1 2 6 7 8 9 11 12 )
(0)(3)(5)(6)(12)(13)(10)(1 2 4 7 8 9 11 14 )
(0)(3)(5)(6)(12)(14)(10)(1 2 4 7 8 9 11 13 )
(0)(3)(5)(6)(13)(14)(10)(1 2 4 7 8 9 11 12 )
(0)(3)(5)(7)(12)(13)(10)(1 2 4 6 8 9 11 14 )
(0)(3)(5)(7)(12)(14)(10)(1 2 4 6 8 9 11 13 )
(0)(3)(5)(7)(13)(14)(10)(1 2 4 6 8 9 11 12 )
(0)(3)(5)(8)(12)(13)(10)(1 2 4 6 7 9 11 14 )
(0)(3)(5)(8)(12)(14)(10)(1 2 4 6 7 9 11 13 )
(0)(3)(5)(8)(13)(14)(10)(1 2 4 6 7 9 11 12 )
(0)(3)(5)(9)(12)(13)(10)(1 2 4 6 7 8 11 14 )
(0)(3)(5)(9)(12)(14)(10)(1 2 4 6 7 8 11 13 )
(0)(3)(5)(9)(13)(14)(10)(1 2 4 6 7 8 11 12 )
(0)(3)(5)(12)(13)(14)(10)(1 2 4 6 7 8 9 11 )
(0)(4)(5)(6)(12)(13)(10)(1 2 3 7 8 9 11 14 )
(0)(4)(5)(6)(12)(14)(10)(1 2 3 7 8 9 11 13 )
(0)(4)(5)(6)(13)(14)(10)(1 2 3 7 8 9 11 12 )
(0)(4)(5)(7)(12)(13)(10)(1 2 3 6 8 9 11 14 )
(0)(4)(5)(7)(12)(14)(10)(1 2 3 6 8 9 11 13 )
(0)(4)(5)(7)(13)(14)(10)(1 2 3 6 8 9 11 12 )
(0)(4)(5)(8)(12)(13)(10)(1 2 3 6 7 9 11 14 )
(0)(4)(5)(8)(12)(14)(10)(1 2 3 6 7 9 11 13 )
(0)(4)(5)(8)(13)(14)(10)(1 2 3 6 7 9 11 12 )
(0)(4)(5)(9)(12)(13)(10)(1 2 3 6 7 8 11 14 )
(0)(4)(5)(9)(12)(14)(10)(1 2 3 6 7 8 11 13 )
(0)(4)(5)(9)(13)(14)(10)(1 2 3 6 7 8 11 12 )
(0)(4)(5)(12)(13)(14)(10)(1 2 3 6 7 8 9 11 )
(0)(5)(6)(7)(12)(13)(10)(1 2 3 4 8 9 11 14 )
(0)(5)(6)(7)(12)(14)(10)(1 2 3 4 8 9 11 13 )
(0)(5)(6)(7)(13)(14)(10)(1 2 3 4 8 9 11 12 )
(0)(5)(6)(8)(12)(13)(10)(1 2 3 4 7 9 11 14 )
(0)(5)(6)(8)(12)(14)(10)(1 2 3 4 7 9 11 13 )
(0)(5)(6)(8)(13)(14)(10)(1 2 3 4 7 9 11 12 )
(0)(5)(6)(9)(12)(13)(10)(1 2 3 4 7 8 11 14 )
(0)(5)(6)(9)(12)(14)(10)(1 2 3 4 7 8 11 13 )
(0)(5)(6)(9)(13)(14)(10)(1 2 3 4 7 8 11 12 )
(0)(5)(6)(12)(13)(14)(10)(1 2 3 4 7 8 9 11 )
(0)(5)(7)(8)(12)(13)(10)(1 2 3 4 6 9 11 14 )
(0)(5)(7)(8)(12)(14)(10)(1 2 3 4 6 9 11 13 )
(0)(5)(7)(8)(13)(14)(10)(1 2 3 4 6 9 11 12 )
(0)(5)(7)(9)(12)(13)(10)(1 2 3 4 6 8 11 14 )
(0)(5)(7)(9)(12)(14)(10)(1 2 3 4 6 8 11 13 )
(0)(5)(7)(9)(13)(14)(10)(1 2 3 4 6 8 11 12 )
(0)(5)(7)(12)(13)(14)(10)(1 2 3 4 6 8 9 11 )
(0)(5)(8)(9)(12)(13)(10)(1 2 3 4 6 7 11 14 )
(0)(5)(8)(9)(12)(14)(10)(1 2 3 4 6 7 11 13 )
(0)(5)(8)(9)(13)(14)(10)(1 2 3 4 6 7 11 12 )
(0)(5)(8)(12)(13)(14)(10)(1 2 3 4 6 7 9 11 )
(0)(5)(9)(12)(13)(14)(10)(1 2 3 4 6 7 8 11 )
(1)(2)(3)(5)(12)(13)(10)(0 4 6 7 8 9 11 14 )
(1)(2)(3)(5)(12)(14)(10)(0 4 6 7 8 9 11 13 )
(1)(2)(3)(5)(13)(14)(10)(0 4 6 7 8 9 11 12 )
(1)(2)(4)(5)(12)(13)(10)(0 3 6 7 8 9 11 14 )
(1)(2)(4)(5)(12)(14)(10)(0 3 6 7 8 9 11 13 )
(1)(2)(4)(5)(13)(14)(10)(0 3 6 7 8 9 11 12 )
(1)(2)(5)(6)(12)(13)(10)(0 3 4 7 8 9 11 14 )
(1)(2)(5)(6)(12)(14)(10)(0 3 4 7 8 9 11 13 )
(1)(2)(5)(6)(13)(14)(10)(0 3 4 7 8 9 11 12 )
(1)(2)(5)(7)(12)(13)(10)(0 3 4 6 8 9 11 14 )
(1)(2)(5)(7)(12)(14)(10)(0 3 4 6 8 9 11 13 )
(1)(2)(5)(7)(13)(14)(10)(0 3 4 6 8 9 11 12 )
(1)(2)(5)(8)(12)(13)(10)(0 3 4 6 7 9 11 14 )
(1)(2)(5)(8)(12)(14)(10)(0 3 4 6 7 9 11 13 )
(1)(2)(5)(8)(13)(14)(10)(0 3 4 6 7 9 11 12 )
(1)(2)(5)(9)(12)(13)(10)(0 3 4 6 7 8 11 14 )
(1)(2)(5)(9)(12)(14)(10)(0 3 4 6 7 8 11 13 )
(1)(2)(5)(9)(13)(14)(10)(0 3 4 6 7 8 11 12 )
(1)(2)(5)(12)(13)(14)(10)(0 3 4 6 7 8 9 11 )
(1)(3)(4)(5)(12)(13)(10)(0 2 6 7 8 9 11 14 )
(1)(3)(4)(5)(12)(14)(10)(0 2 6 7 8 9 11 13 )
(1)(3)(4)(5)(13)(14)(10)(0 2 6 7 8 9 11 12 )
(1)(3)(5)(6)(12)(13)(10)(0 2 4 7 8 9 11 14 )
(1)(3)(5)(6)(12)(14)(10)(0 2 4 7 8 9 11 13 )
(1)(3)(5)(6)(13)(14)(10)(0 2 4 7 8 9 11 12 )
(1)(3)(5)(7)(12)(13)(10)(0 2 4 6 8 9 11 14 )
(1)(3)(5)(7)(12)(14)(10)(0 2 4 6 8 9 11 13 )
(1)(3)(5)(7)(13)(14)(10)(0 2 4 6 8 9 11 12 )
(1)(3)(5)(8)(12)(13)(10)(0 2 4 6 7 9 11 14 )
(1)(3)(5)(8)(12)(14)(10)(0 2 4 6 7 9 11 13 )
(1)(3)(5)(8)(13)(14)(10)(0 2 4 6 7 9 11 12 )
(1)(3)(5)(9)(12)(13)(10)(0 2 4 6 7 8 11 14 )
(1)(3)(5)(9)(12)(14)(10)(0 2 4 6 7 8 11 13 )
(1)(3)(5)(9)(13)(14)(10)(0 2 4 6 7 8 11 12 )
(1)(3)(5)(12)(13)(14)(10)(0 2 4 6 7 8 9 11 )
(1)(4)(5)(6)(12)(13)(10)(0 2 3 7 8 9 11 14 )
(1)(4)(5)(6)(12)(14)(10)(0 2 3 7 8 9 11 13 )
(1)(4)(5)(6)(13)(14)(10)(0 2 3 7 8 9 11 12 )
(1)(4)(5)(7)(12)(13)(10)(0 2 3 6 8 9 11 14 )
(1)(4)(5)(7)(12)(14)(10)(0 2 3 6 8 9 11 13 )
(1)(4)(5)(7)(13)(14)(10)(0 2 3 6 8 9 11 12 )
(1)(4)(5)(8)(12)(13)(10)(0 2 3 6 7 9 11 14 )
(1)(4)(5)(8)(12)(14)(10)(0 2 3 6 7 9 11 13 )
(1)(4)(5)(8)(13)(14)(10)(0 2 3 6 7 9 11 12 )
(1)(4)(5)(9)(12)(13)(10)(0 2 3 6 7 8 11 14 )
(1)(4)(5)(9)(12)(14)(10)(0 2 3 6 7 8 11 13 )
(1)(4)(5)(9)(13)(14)(10)(0 2 3 6 7 8 11 12 )
(1)(4)(5)(12)(13)(14)(10)(0 2 3 6 7 8 9 11 )
(1)(5)(6)(7)(12)(13)(10)(0 2 3 4 8 9 11 14 )
(1)(5)(6)(7)(12)(14)(10)(0 2 3 4 8 9 11 13 )
(1)(5)(6)(7)(13)(14)(10)(0 2 3 4 8 9 11 12 )
(1)(5)(6)(8)(12)(13)(10)(0 2 3 4 7 9 11 14 )
(1)(5)(6)(8)(12)(14)(10)(0 2 3 4 7 9 11 13 )
(1)(5)(6)(8)(13)(14)(10)(0 2 3 4 7 9 11 12 )
(1)(5)(6)(9)(12)(13)(10)(0 2 3 4 7 8 11 14 )
(1)(5)(6)(9)(12)(14)(10)(0 2 3 4 7 8 11 13 )
(1)(5)(6)(9)(13)(14)(10)(0 2 3 4 7 8 11 12 )
(1)(5)(6)(12)(13)(14)(10)(0 2 3 4 7 8 9 11 )
(1)(5)(7)(8)(12)(13)(10)(0 2 3 4 6 9 11 14 )
(1)(5)(7)(8)(12)(14)(10)(0 2 3 4 6 9 11 13 )
(1)(5)(7)(8)(13)(14)(10)(0 2 3 4 6 9 11 12 )
(1)(5)(7)(9)(12)(13)(10)(0 2 3 4 6 8 11 14 )
(1)(5)(7)(9)(12)(14)(10)(0 2 3 4 6 8 11 13 )
(1)(5)(7)(9)(13)(14)(10)(0 2 3 4 6 8 11 12 )
(1)(5)(7)(12)(13)(14)(10)(0 2 3 4 6 8 9 11 )
(1)(5)(8)(9)(12)(13)(10)(0 2 3 4 6 7 11 14 )
(1)(5)(8)(9)(12)(14)(10)(0 2 3 4 6 7 11 13 )
(1)(5)(8)(9)(13)(14)(10)(0 2 3 4 6 7 11 12 )
(1)(5)(8)(12)(13)(14)(10)(0 2 3 4 6 7 9 11 )
(1)(5)(9)(12)(13)(14)(10)(0 2 3 4 6 7 8 11 )
(2)(3)(4)(5)(12)(13)(10)(0 1 6 7 8 9 11 14 )
(2)(3)(4)(5)(12)(14)(10)(0 1 6 7 8 9 11 13 )
(2)(3)(4)(5)(13)(14)(10)(0 1 6 7 8 9 11 12 )
(2)(3)(5)(6)(12)(13)(10)(0 1 4 7 8 9 11 14 )
(2)(3)(5)(6)(12)(14)(10)(0 1 4 7 8 9 11 13 )
(2)(3)(5)(6)(13)(14)(10)(0 1 4 7 8 9 11 12 )
(2)(3)(5)(7)(12)(13)(10)(0 1 4 6 8 9 11 14 )
(2)(3)(5)(7)(12)(14)(10)(0 1 4 6 8 9 11 13 )
(2)(3)(5)(7)(13)(14)(10)(0 1 4 6 8 9 11 12 )
(2)(3)(5)(8)(12)(13)(10)(0 1 4 6 7 9 11 14 )
(2)(3)(5)(8)(12)(14)(10)(0 1 4 6 7 9 11 13 )
(2)(3)(5)(8)(13)(14)(10)(0 1 4 6 7 9 11 12 )
(2)(3)(5)(9)(12)(13)(10)(0 1 4 6 7 8 11 14 )
(2)(3)(5)(9)(12)(14)(10)(0 1 4 6 7 8 11 13 )
(2)(3)(5)(9)(13)(14)(10)(0 1 4 6 7 8 11 12 )
(2)(3)(5)(12)(13)(14)(10)(0 1 4 6 7 8 9 11 )
(2)(4)(5)(6)(12)(13)(10)(0 1 3 7 8 9 11 14 )
(2)(4)(5)(6)(12)(14)(10)(0 1 3 7 8 9 11 13 )
(2)(4)(5)(6)(13)(14)(10)(0 1 3 7 8 9 11 12 )
(2)(4)(5)(7)(12)(13)(10)(0 1 3 6 8 9 11 14 )
(2)(4)(5)(7)(12)(14)(10)(0 1 3 6 8 9 11 13 )
(2)(4)(5)(7)(13)(14)(10)(0 1 3 6 8 9 11 12 )
(2)(4)(5)(8)(12)(13)(10)(0 1 3 6 7 9 11 14 )
(2)(4)(5)(8)(12)(14)(10)(0 1 3 6 7 9 11 13 )
(2)(4)(5)(8)(13)(14)(10)(0 1 3 6 7 9 11 12 )
(2)(4)(5)(9)(12)(13)(10)(0 1 3 6 7 8 11 14 )
(2)(4)(5)(9)(12)(14)(10)(0 1 3 6 7 8 11 13 )
(2)(4)(5)(9)(13)(14)(10)(0 1 3 6 7 8 11 12 )
(2)(4)(5)(12)(13)(14)(10)(0 1 3 6 7 8 9 11 )
(2)(5)(6)(7)(12)(13)(10)(0 1 3 4 8 9 11 14 )
(2)(5)(6)(7)(12)(14)(10)(0 1 3 4 8 9 11 13 )
(2)(5)(6)(7)(13)(14)(10)(0 1 3 4 8 9 11 12 )
(2)(5)(6)(8)(12)(13)(10)(0 1 3 4 7 9 11 14 )
(2)(5)(6)(8)(12)(14)(10)(0 1 3 4 7 9 11 13 )
(2)(5)(6)(8)(13)(14)(10)(0 1 3 4 7 9 11 12 )
(2)(5)(6)(9)(12)(13)(10)(0 1 3 4 7 8 11 14 )
(2)(5)(6)(9)(12)(14)(10)(0 1 3 4 7 8 11 13 )
(2)(5)(6)(9)(13)(14)(10)(0 1 3 4 7 8 11 12 )
(2)(5)(6)(12)(13)(14)(10)(0 1 3 4 7 8 9 11 )
(2)(5)(7)(8)(12)(13)(10)(0 1 3 4 6 9 11 14 )
(2)(5)(7)(8)(12)(14)(10)(0 1 3 4 6 9 11 13 )
(2)(5)(7)(8)(13)(14)(10)(0 1 3 4 6 9 11 12 )
(2)(5)(7)(9)(12)(13)(10)(0 1 3 4 6 8 11 14 )
(2)(5)(7)(9)(12)(14)(10)(0 1 3 4 6 8 11 13 )
(2)(5)(7)(9)(13)(14)(10)(0 1 3 4 6 8 11 12 )
(2)(5)(7)(12)(13)(14)(10)(0 1 3 4 6 8 9 11 )
(2)(5)(8)(9)(12)(13)(10)(0 1 3 4 6 7 11 14 )
(2)(5)(8)(9)(12)(14)(10)(0 1 3 4 6 7 11 13 )
(2)(5)(8)(9)(13)(14)(10)(0 1 3 4 6 7 11 12 )
(2)(5)(8)(12)(13)(14)(10)(0 1 3 4 6 7 9 11 )
(2)(5)(9)(12)(13)(14)(10)(0 1 3 4 6 7 8 11 )
(3)(4)(5)(6)(12)(13)(10)(0 1 2 7 8 9 11 14 )
(3)(4)(5)(6)(12)(14)(10)(0 1 2 7 8 9 11 13 )
(3)(4)(5)(6)(13)(14)(10)(0 1 2 7 8 9 11 12 )
(3)(4)(5)(7)(12)(13)(10)(0 1 2 6 8 9 11 14 )
(3)(4)(5)(7)(12)(14)(10)(0 1 2 6 8 9 11 13 )
(3)(4)(5)(7)(13)(14)(10)(0 1 2 6 8 9 11 12 )
(3)(4)(5)(8)(12)(13)(10)(0 1 2 6 7 9 11 14 )
(3)(4)(5)(8)(12)(14)(10)(0 1 2 6 7 9 11 13 )
(3)(4)(5)(8)(13)(14)(10)(0 1 2 6 7 9 11 12 )
(3)(4)(5)(9)(12)(13)(10)(0 1 2 6 7 8 11 14 )
(3)(4)(5)(9)(12)(14)(10)(0 1 2 6 7 8 11 13 )
(3)(4)(5)(9)(13)(14)(10)(0 1 2 6 7 8 11 12 )
(3)(4)(5)(12)(13)(14)(10)(0 1 2 6 7 8 9 11 )
(3)(5)(6)(7)(12)(13)(10)(0 1 2 4 8 9 11 14 )
(3)(5)(6)(7)(12)(14)(10)(0 1 2 4 8 9 11 13 )
(3)(5)(6)(7)(13)(14)(10)(0 1 2 4 8 9 11 12 )
(3)(5)(6)(8)(12)(13)(10)(0 1 2 4 7 9 11 14 )
(3)(5)(6)(8)(12)(14)(10)(0 1 2 4 7 9 11 13 )
(3)(5)(6)(8)(13)(14)(10)(0 1 2 4 7 9 11 12 )
(3)(5)(6)(9)(12)(13)(10)(0 1 2 4 7 8 11 14 )
(3)(5)(6)(9)(12)(14)(10)(0 1 2 4 7 8 11 13 )
(3)(5)(6)(9)(13)(14)(10)(0 1 2 4 7 8 11 12 )
(3)(5)(6)(12)(13)(14)(10)(0 1 2 4 7 8 9 11 )
(3)(5)(7)(8)(12)(13)(10)(0 1 2 4 6 9 11 14 )
(3)(5)(7)(8)(12)(14)(10)(0 1 2 4 6 9 11 13 )
(3)(5)(7)(8)(13)(14)(10)(0 1 2 4 6 9 11 12 )
(3)(5)(7)(9)(12)(13)(10)(0 1 2 4 6 8 11 14 )
(3)(5)(7)(9)(12)(14)(10)(0 1 2 4 6 8 11 13 )
(3)(5)(7)(9)(13)(14)(10)(0 1 2 4 6 8 11 12 )
(3)(5)(7)(12)(13)(14)(10)(0 1 2 4 6 8 9 11 )
(3)(5)(8)(9)(12)(13)(10)(0 1 2 4 6 7 11 14 )
(3)(5)(8)(9)(12)(14)(10)(0 1 2 4 6 7 11 13 )
(3)(5)(8)(9)(13)(14)(10)(0 1 2 4 6 7 11 12 )
(3)(5)(8)(12)(13)(14)(10)(0 1 2 4 6 7 9 11 )
(3)(5)(9)(12)(13)(14)(10)(0 1 2 4 6 7 8 11 )
(4)(5)(6)(7)(12)(13)(10)(0 1 2 3 8 9 11 14 )
(4)(5)(6)(7)(12)(14)(10)(0 1 2 3 8 9 11 13 )
(4)(5)(6)(7)(13)(14)(10)(0 1 2 3 8 9 11 12 )
(4)(5)(6)(8)(12)(13)(10)(0 1 2 3 7 9 11 14 )
(4)(5)(6)(8)(12)(14)(10)(0 1 2 3 7 9 11 13 )
(4)(5)(6)(8)(13)(14)(10)(0 1 2 3 7 9 11 12 )
(4)(5)(6)(9)(12)(13)(10)(0 1 2 3 7 8 11 14 )
(4)(5)(6)(9)(12)(14)(10)(0 1 2 3 7 8 11 13 )
(4)(5)(6)(9)(13)(14)(10)(0 1 2 3 7 8 11 12 )
(4)(5)(6)(12)(13)(14)(10)(0 1 2 3 7 8 9 11 )
(4)(5)(7)(8)(12)(13)(10)(0 1 2 3 6 9 11 14 )
(4)(5)(7)(8)(12)(14)(10)(0 1 2 3 6 9 11 13 )
(4)(5)(7)(8)(13)(14)(10)(0 1 2 3 6 9 11 12 )
(4)(5)(7)(9)(12)(13)(10)(0 1 2 3 6 8 11 14 )
(4)(5)(7)(9)(12)(14)(10)(0 1 2 3 6 8 11 13 )
(4)(5)(7)(9)(13)(14)(10)(0 1 2 3 6 8 11 12 )
(4)(5)(7)(12)(13)(14)(10)(0 1 2 3 6 8 9 11 )
(4)(5)(8)(9)(12)(13)(10)(0 1 2 3 6 7 11 14 )
(4)(5)(8)(9)(12)(14)(10)(0 1 2 3 6 7 11 13 )
(4)(5)(8)(9)(13)(14)(10)(0 1 2 3 6 7 11 12 )
(4)(5)(8)(12)(13)(14)(10)(0 1 2 3 6 7 9 11 )
(4)(5)(9)(12)(13)(14)(10)(0 1 2 3 6 7 8 11 )
(5)(6)(7)(8)(12)(13)(10)(0 1 2 3 4 9 11 14 )
(5)(6)(7)(8)(12)(14)(10)(0 1 2 3 4 9 11 13 )
(5)(6)(7)(8)(13)(14)(10)(0 1 2 3 4 9 11 12 )
(5)(6)(7)(9)(12)(13)(10)(0 1 2 3 4 8 11 14 )
(5)(6)(7)(9)(12)(14)(10)(0 1 2 3 4 8 11 13 )
(5)(6)(7)(9)(13)(14)(10)(0 1 2 3 4 8 11 12 )
(5)(6)(7)(12)(13)(14)(10)(0 1 2 3 4 8 9 11 )
(5)(6)(8)(9)(12)(13)(10)(0 1 2 3 4 7 11 14 )
(5)(6)(8)(9)(12)(14)(10)(0 1 2 3 4 7 11 13 )
(5)(6)(8)(9)(13)(14)(10)(0 1 2 3 4 7 11 12 )
(5)(6)(8)(12)(13)(14)(10)(0 1 2 3 4 7 9 11 )
(5)(6)(9)(12)(13)(14)(10)(0 1 2 3 4 7 8 11 )
(5)(7)(8)(9)(12)(13)(10)(0 1 2 3 4 6 11 14 )
(5)(7)(8)(9)(12)(14)(10)(0 1 2 3 4 6 11 13 )
(5)(7)(8)(9)(13)(14)(10)(0 1 2 3 4 6 11 12 )
(5)(7)(8)(12)(13)(14)(10)(0 1 2 3 4 6 9 11 )
(5)(7)(9)(12)(13)(14)(10)(0 1 2 3 4 6 8 11 )
(5)(8)(9)(12)(13)(14)(10)(0 1 2 3 4 6 7 11 )
(0)(1)(2)(5)(12)(13)(14)(10)(3 4 6 7 8 9 11 )
(0)(1)(3)(5)(12)(13)(14)(10)(2 4 6 7 8 9 11 )
(0)(1)(4)(5)(12)(13)(14)(10)(2 3 6 7 8 9 11 )
(0)(1)(5)(6)(12)(13)(14)(10)(2 3 4 7 8 9 11 )
(0)(1)(5)(7)(12)(13)(14)(10)(2 3 4 6 8 9 11 )
(0)(1)(5)(8)(12)(13)(14)(10)(2 3 4 6 7 9 11 )
(0)(1)(5)(9)(12)(13)(14)(10)(2 3 4 6 7 8 11 )
(0)(2)(3)(5)(12)(13)(14)(10)(1 4 6 7 8 9 11 )
(0)(2)(4)(5)(12)(13)(14)(10)(1 3 6 7 8 9 11 )
(0)(2)(5)(6)(12)(13)(14)(10)(1 3 4 7 8 9 11 )
(0)(2)(5)(7)(12)(13)(14)(10)(1 3 4 6 8 9 11 )
(0)(2)(5)(8)(12)(13)(14)(10)(1 3 4 6 7 9 11 )
(0)(2)(5)(9)(12)(13)(14)(10)(1 3 4 6 7 8 11 )
(0)(3)(4)(5)(12)(13)(14)(10)(1 2 6 7 8 9 11 )
(0)(3)(5)(6)(12)(13)(14)(10)(1 2 4 7 8 9 11 )
(0)(3)(5)(7)(12)(13)(14)(10)(1 2 4 6 8 9 11 )
(0)(3)(5)(8)(12)(13)(14)(10)(1 2 4 6 7 9 11 )
(0)(3)(5)(9)(12)(13)(14)(10)(1 2 4 6 7 8 11 )
(0)(4)(5)(6)(12)(13)(14)(10)(1 2 3 7 8 9 11 )
(0)(4)(5)(7)(12)(13)(14)(10)(1 2 3 6 8 9 11 )
(0)(4)(5)(8)(12)(13)(14)(10)(1 2 3 6 7 9 11 )
(0)(4)(5)(9)(12)(13)(14)(10)(1 2 3 6 7 8 11 )
(0)(5)(6)(7)(12)(13)(14)(10)(1 2 3 4 8 9 11 )
(0)(5)(6)(8)(12)(13)(14)(10)(1 2 3 4 7 9 11 )
(0)(5)(6)(9)(12)(13)(14)(10)(1 2 3 4 7 8 11 )
(0)(5)(7)(8)(12)(13)(14)(10)(1 2 3 4 6 9 11 )
(0)(5)(7)(9)(12)(13)(14)(10)(1 2 3 4 6 8 11 )
(0)(5)(8)(9)(12)(13)(14)(10)(1 2 3 4 6 7 11 )
(1)(2)(3)(5)(12)(13)(14)(10)(0 4 6 7 8 9 11 )
(1)(2)(4)(5)(12)(13)(14)(10)(0 3 6 7 8 9 11 )
(1)(2)(5)(6)(12)(13)(14)(10)(0 3 4 7 8 9 11 )
(1)(2)(5)(7)(12)(13)(14)(10)(0 3 4 6 8 9 11 )
(1)(2)(5)(8)(12)(13)(14)(10)(0 3 4 6 7 9 11 )
(1)(2)(5)(9)(12)(13)(14)(10)(0 3 4 6 7 8 11 )
(1)(3)(4)(5)(12)(13)(14)(10)(0 2 6 7 8 9 11 )
(1)(3)(5)(6)(12)(13)(14)(10)(0 2 4 7 8 9 11 )
(1)(3)(5)(7)(12)(13)(14)(10)(0 2 4 6 8 9 11 )
(1)(3)(5)(8)(12)(13)(14)(10)(0 2 4 6 7 9 11 )
(1)(3)(5)(9)(12)(13)(14)(10)(0 2 4 6 7 8 11 )
(1)(4)(5)(6)(12)(13)(14)(10)(0 2 3 7 8 9 11 )
(1)(4)(5)(7)(12)(13)(14)(10)(0 2 3 6 8 9 11 )
(1)(4)(5)(8)(12)(13)(14)(10)(0 2 3 6 7 9 11 )
(1)(4)(5)(9)(12)(13)(14)(10)(0 2 3 6 7 8 11 )
(1)(5)(6)(7)(12)(13)(14)(10)(0 2 3 4 8 9 11 )
(1)(5)(6)(8)(12)(13)(14)(10)(0 2 3 4 7 9 11 )
(1)(5)(6)(9)(12)(13)(14)(10)(0 2 3 4 7 8 11 )
(1)(5)(7)(8)(12)(13)(14)(10)(0 2 3 4 6 9 11 )
(1)(5)(7)(9)(12)(13)(14)(10)(0 2 3 4 6 8 11 )
(1)(5)(8)(9)(12)(13)(14)(10)(0 2 3 4 6 7 11 )
(2)(3)(4)(5)(12)(13)(14)(10)(0 1 6 7 8 9 11 )
(2)(3)(5)(6)(12)(13)(14)(10)(0 1 4 7 8 9 11 )
(2)(3)(5)(7)(12)(13)(14)(10)(0 1 4 6 8 9 11 )
(2)(3)(5)(8)(12)(13)(14)(10)(0 1 4 6 7 9 11 )
(2)(3)(5)(9)(12)(13)(14)(10)(0 1 4 6 7 8 11 )
(2)(4)(5)(6)(12)(13)(14)(10)(0 1 3 7 8 9 11 )
(2)(4)(5)(7)(12)(13)(14)(10)(0 1 3 6 8 9 11 )
(2)(4)(5)(8)(12)(13)(14)(10)(0 1 3 6 7 9 11 )
(2)(4)(5)(9)(12)(13)(14)(10)(0 1 3 6 7 8 11 )
(2)(5)(6)(7)(12)(13)(14)(10)(0 1 3 4 8 9 11 )
(2)(5)(6)(8)(12)(13)(14)(10)(0 1 3 4 7 9 11 )
(2)(5)(6)(9)(12)(13)(14)(10)(0 1 3 4 7 8 11 )
(2)(5)(7)(8)(12)(13)(14)(10)(0 1 3 4 6 9 11 )
(2)(5)(7)(9)(12)(13)(14)(10)(0 1 3 4 6 8 11 )
(2)(5)(8)(9)(12)(13)(14)(10)(0 1 3 4 6 7 11 )
(3)(4)(5)(6)(12)(13)(14)(10)(0 1 2 7 8 9 11 )
(3)(4)(5)(7)(12)(13)(14)(10)(0 1 2 6 8 9 11 )
(3)(4)(5)(8)(12)(13)(14)(10)(0 1 2 6 7 9 11 )
(3)(4)(5)(9)(12)(13)(14)(10)(0 1 2 6 7 8 11 )
(3)(5)(6)(7)(12)(13)(14)(10)(0 1 2 4 8 9 11 )
(3)(5)(6)(8)(12)(13)(14)(10)(0 1 2 4 7 9 11 )
(3)(5)(6)(9)(12)(13)(14)(10)(0 1 2 4 7 8 11 )
(3)(5)(7)(8)(12)(13)(14)(10)(0 1 2 4 6 9 11 )
(3)(5)(7)(9)(12)(13)(14)(10)(0 1 2 4 6 8 11 )
(3)(5)(8)(9)(12)(13)(14)(10)(0 1 2 4 6 7 11 )
(4)(5)(6)(7)(12)(13)(14)(10)(0 1 2 3 8 9 11 )
(4)(5)(6)(8)(12)(13)(14)(10)(0 1 2 3 7 9 11 )
(4)(5)(6)(9)(12)(13)(14)(10)(0 1 2 3 7 8 11 )
(4)(5)(7)(8)(12)(13)(14)(10)(0 1 2 3 6 9 11 )
(4)(5)(7)(9)(12)(13)(14)(10)(0 1 2 3 6 8 11 )
(4)(5)(8)(9)(12)(13)(14)(10)(0 1 2 3 6 7 11 )
(5)(6)(7)(8)(12)(13)(14)(10)(0 1 2 3 4 9 11 )
(5)(6)(7)(9)(12)(13)(14)(10)(0 1 2 3 4 8 11 )
(5)(6)(8)(9)(12)(13)(14)(10)(0 1 2 3 4 7 11 )
(5)(7)(8)(9)(12)(13)(14)(10)(0 1 2 3 4 6 11 )
(0)(1)(2)(3)(4)(5)(6)(7)(8)(9)(10)(11 12 13 14 )
(0)(1)(2)(3)(4)(5)(6)(12)(7)(8)(9)(10)(11 13 14 )
(0)(1)(2)(3)(4)(5)(6)(13)(7)(8)(9)(10)(11 12 14 )
(0)(1)(2)(3)(4)(5)(6)(14)(7)(8)(9)(10)(11 12 13 )
(0)(1)(2)(3)(4)(9)(10)(13)(12)(5)(6)(7)(8 11 14 )
(0)(1)(2)(3)(4)(9)(10)(13)(14)(5)(6)(7)(8 11 12 )
(0)(1)(2)(3)(9)(10)(12)(14)(4)(5)(6)(7)(8 11 13 )
(0)(1)(2)(3)(4)(5)(6)(13)(12)(7)(8)(9)(10)(11 14 )
(0)(1)(2)(3)(4)(5)(6)(13)(14)(7)(8)(9)(10)(11 12 )
(0)(1)(2)(3)(4)(5)(12)(14)(6)(7)(8)(9)(10)(11 13 )
(0)(1)(2)(3)(9)(10)(12)(13)(14)(4)(5)(6)(7)(8 11 )
../jobset-taskset-101.csv,  1,  15,  26225,  109620,  6147,  0.761178,  31.832031,  0,  8,  11635,  14576,  92734
